Команда: [1, 2, 3]
Команда: [1, 2, 4]
Команда: [1, 2, 5]
Команда: [1, 2, 6]
Команда: [1, 2, 7]
Команда: [1, 2, 8]
Команда: [1, 2, 9]
Команда: [1, 2, 10]
Команда: [1, 2, 11]
Команда: [1, 2, 12]
Команда: [1, 2, 13]
Команда: [1, 2, 14]
Команда: [1, 2, 15]
Команда: [1, 3, 4]
Команда: [1, 3, 5]
Команда: [1, 3, 6]
Команда: [1, 3, 7]
Команда: [1, 3, 8]
Команда: [1, 3, 9]
Команда: [1, 3, 10]
Команда: [1, 3, 11]
Команда: [1, 3, 12]
Команда: [1, 3, 13]
Команда: [1, 3, 14]
Команда: [1, 3, 15]
Команда: [1, 4, 5]
Команда: [1, 4, 6]
Команда: [1, 4, 7]
Команда: [1, 4, 8]
Команда: [1, 4, 9]
Команда: [1, 4, 10]
Команда: [1, 4, 11]
Команда: [1, 4, 12]
Команда: [1, 4, 13]
Команда: [1, 4, 14]
Команда: [1, 4, 15]
Команда: [1, 5, 6]
Команда: [1, 5, 7]
Команда: [1, 5, 8]
Команда: [1, 5, 9]
Команда: [1, 5, 10]
Команда: [1, 5, 11]
Команда: [1, 5, 12]
Команда: [1, 5, 13]
Команда: [1, 5, 14]
Команда: [1, 5, 15]
Команда: [1, 6, 7]
Команда: [1, 6, 8]
Команда: [1, 6, 9]
Команда: [1, 6, 10]
Команда: [1, 6, 11]
Команда: [1, 6, 12]
Команда: [1, 6, 13]
Команда: [1, 6, 14]
Команда: [1, 6, 15]
Команда: [1, 7, 8]
Команда: [1, 7, 9]
Команда: [1, 7, 10]
Команда: [1, 7, 11]
Команда: [1, 7, 12]
Команда: [1, 7, 13]
Команда: [1, 7, 14]
Команда: [1, 7, 15]
Команда: [1, 8, 9]
Команда: [1, 8, 10]
Команда: [1, 8, 11]
Команда: [1, 8, 12]
Команда: [1, 8, 13]
Команда: [1, 8, 14]
Команда: [1, 8, 15]
Команда: [1, 9, 10]
Команда: [1, 9, 11]
Команда: [1, 9, 12]
Команда: [1, 9, 13]
Команда: [1, 9, 14]
Команда: [1, 9, 15]
Команда: [1, 10, 11]
Команда: [1, 10, 12]
Команда: [1, 10, 13]
Команда: [1, 10, 14]
Команда: [1, 10, 15]
Команда: [1, 11, 12]
Команда: [1, 11, 13]
Команда: [1, 11, 14]
Команда: [1, 11, 15]
Команда: [1, 12, 13]
Команда: [1, 12, 14]
Команда: [1, 12, 15]
Команда: [1, 13, 14]
Команда: [1, 13, 15]
Команда: [1, 14, 15]
Команда: [2, 3, 4]
Команда: [2, 3, 5]
Команда: [2, 3, 6]
Команда: [2, 3, 7]
Команда: [2, 3, 8]
Команда: [2, 3, 9]
Команда: [2, 3, 10]
Команда: [2, 3, 11]
Команда: [2, 3, 12]
Команда: [2, 3, 13]
Команда: [2, 3, 14]
Команда: [2, 3, 15]
Команда: [2, 4, 5]
Команда: [2, 4, 6]
Команда: [2, 4, 7]
Команда: [2, 4, 8]
Команда: [2, 4, 9]
Команда: [2, 4, 10]
Команда: [2, 4, 11]
Команда: [2, 4, 12]
Команда: [2, 4, 13]
Команда: [2, 4, 14]
Команда: [2, 4, 15]
Команда: [2, 5, 6]
Команда: [2, 5, 7]
Команда: [2, 5, 8]
Команда: [2, 5, 9]
Команда: [2, 5, 10]
Команда: [2, 5, 11]
Команда: [2, 5, 12]
Команда: [2, 5, 13]
Команда: [2, 5, 14]
Команда: [2, 5, 15]
Команда: [2, 6, 7]
Команда: [2, 6, 8]
Команда: [2, 6, 9]
Команда: [2, 6, 10]
Команда: [2, 6, 11]
Команда: [2, 6, 12]
Команда: [2, 6, 13]
Команда: [2, 6, 14]
Команда: [2, 6, 15]
Команда: [2, 7, 8]
Команда: [2, 7, 9]
Команда: [2, 7, 10]
Команда: [2, 7, 11]
Команда: [2, 7, 12]
Команда: [2, 7, 13]
Команда: [2, 7, 14]
Команда: [2, 7, 15]
Команда: [2, 8, 9]
Команда: [2, 8, 10]
Команда: [2, 8, 11]
Команда: [2, 8, 12]
Команда: [2, 8, 13]
Команда: [2, 8, 14]
Команда: [2, 8, 15]
Команда: [2, 9, 10]
Команда: [2, 9, 11]
Команда: [2, 9, 12]
Команда: [2, 9, 13]
Команда: [2, 9, 14]
Команда: [2, 9, 15]
Команда: [2, 10, 11]
Команда: [2, 10, 12]
Команда: [2, 10, 13]
Команда: [2, 10, 14]
Команда: [2, 10, 15]
Команда: [2, 11, 12]
Команда: [2, 11, 13]
Команда: [2, 11, 14]
Команда: [2, 11, 15]
Команда: [2, 12, 13]
Команда: [2, 12, 14]
Команда: [2, 12, 15]
Команда: [2, 13, 14]
Команда: [2, 13, 15]
Команда: [2, 14, 15]
Команда: [3, 4, 5]
Команда: [3, 4, 6]
Команда: [3, 4, 7]
Команда: [3, 4, 8]
Команда: [3, 4, 9]
Команда: [3, 4, 10]
Команда: [3, 4, 11]
Команда: [3, 4, 12]
Команда: [3, 4, 13]
Команда: [3, 4, 14]
Команда: [3, 4, 15]
Команда: [3, 5, 6]
Команда: [3, 5, 7]
Команда: [3, 5, 8]
Команда: [3, 5, 9]
Команда: [3, 5, 10]
Команда: [3, 5, 11]
Команда: [3, 5, 12]
Команда: [3, 5, 13]
Команда: [3, 5, 14]
Команда: [3, 5, 15]
Команда: [3, 6, 7]
Команда: [3, 6, 8]
Команда: [3, 6, 9]
Команда: [3, 6, 10]
Команда: [3, 6, 11]
Команда: [3, 6, 12]
Команда: [3, 6, 13]
Команда: [3, 6, 14]
Команда: [3, 6, 15]
Команда: [3, 7, 8]
Команда: [3, 7, 9]
Команда: [3, 7, 10]
Команда: [3, 7, 11]
Команда: [3, 7, 12]
Команда: [3, 7, 13]
Команда: [3, 7, 14]
Команда: [3, 7, 15]
Команда: [3, 8, 9]
Команда: [3, 8, 10]
Команда: [3, 8, 11]
Команда: [3, 8, 12]
Команда: [3, 8, 13]
Команда: [3, 8, 14]
Команда: [3, 8, 15]
Команда: [3, 9, 10]
Команда: [3, 9, 11]
Команда: [3, 9, 12]
Команда: [3, 9, 13]
Команда: [3, 9, 14]
Команда: [3, 9, 15]
Команда: [3, 10, 11]
Команда: [3, 10, 12]
Команда: [3, 10, 13]
Команда: [3, 10, 14]
Команда: [3, 10, 15]
Команда: [3, 11, 12]
Команда: [3, 11, 13]
Команда: [3, 11, 14]
Команда: [3, 11, 15]
Команда: [3, 12, 13]
Команда: [3, 12, 14]
Команда: [3, 12, 15]
Команда: [3, 13, 14]
Команда: [3, 13, 15]
Команда: [3, 14, 15]
Команда: [4, 5, 6]
Команда: [4, 5, 7]
Команда: [4, 5, 8]
Команда: [4, 5, 9]
Команда: [4, 5, 10]
Команда: [4, 5, 11]
Команда: [4, 5, 12]
Команда: [4, 5, 13]
Команда: [4, 5, 14]
Команда: [4, 5, 15]
Команда: [4, 6, 7]
Команда: [4, 6, 8]
Команда: [4, 6, 9]
Команда: [4, 6, 10]
Команда: [4, 6, 11]
Команда: [4, 6, 12]
Команда: [4, 6, 13]
Команда: [4, 6, 14]
Команда: [4, 6, 15]
Команда: [4, 7, 8]
Команда: [4, 7, 9]
Команда: [4, 7, 10]
Команда: [4, 7, 11]
Команда: [4, 7, 12]
Команда: [4, 7, 13]
Команда: [4, 7, 14]
Команда: [4, 7, 15]
Команда: [4, 8, 9]
Команда: [4, 8, 10]
Команда: [4, 8, 11]
Команда: [4, 8, 12]
Команда: [4, 8, 13]
Команда: [4, 8, 14]
Команда: [4, 8, 15]
Команда: [4, 9, 10]
Команда: [4, 9, 11]
Команда: [4, 9, 12]
Команда: [4, 9, 13]
Команда: [4, 9, 14]
Команда: [4, 9, 15]
Команда: [4, 10, 11]
Команда: [4, 10, 12]
Команда: [4, 10, 13]
Команда: [4, 10, 14]
Команда: [4, 10, 15]
Команда: [4, 11, 12]
Команда: [4, 11, 13]
Команда: [4, 11, 14]
Команда: [4, 11, 15]
Команда: [4, 12, 13]
Команда: [4, 12, 14]
Команда: [4, 12, 15]
Команда: [4, 13, 14]
Команда: [4, 13, 15]
Команда: [4, 14, 15]
Команда: [5, 6, 7]
Команда: [5, 6, 8]
Команда: [5, 6, 9]
Команда: [5, 6, 10]
Команда: [5, 6, 11]
Команда: [5, 6, 12]
Команда: [5, 6, 13]
Команда: [5, 6, 14]
Команда: [5, 6, 15]
Команда: [5, 7, 8]
Команда: [5, 7, 9]
Команда: [5, 7, 10]
Команда: [5, 7, 11]
Команда: [5, 7, 12]
Команда: [5, 7, 13]
Команда: [5, 7, 14]
Команда: [5, 7, 15]
Команда: [5, 8, 9]
Команда: [5, 8, 10]
Команда: [5, 8, 11]
Команда: [5, 8, 12]
Команда: [5, 8, 13]
Команда: [5, 8, 14]
Команда: [5, 8, 15]
Команда: [5, 9, 10]
Команда: [5, 9, 11]
Команда: [5, 9, 12]
Команда: [5, 9, 13]
Команда: [5, 9, 14]
Команда: [5, 9, 15]
Команда: [5, 10, 11]
Команда: [5, 10, 12]
Команда: [5, 10, 13]
Команда: [5, 10, 14]
Команда: [5, 10, 15]
Команда: [5, 11, 12]
Команда: [5, 11, 13]
Команда: [5, 11, 14]
Команда: [5, 11, 15]
Команда: [5, 12, 13]
Команда: [5, 12, 14]
Команда: [5, 12, 15]
Команда: [5, 13, 14]
Команда: [5, 13, 15]
Команда: [5, 14, 15]
Команда: [6, 7, 8]
Команда: [6, 7, 9]
Команда: [6, 7, 10]
Команда: [6, 7, 11]
Команда: [6, 7, 12]
Команда: [6, 7, 13]
Команда: [6, 7, 14]
Команда: [6, 7, 15]
Команда: [6, 8, 9]
Команда: [6, 8, 10]
Команда: [6, 8, 11]
Команда: [6, 8, 12]
Команда: [6, 8, 13]
Команда: [6, 8, 14]
Команда: [6, 8, 15]
Команда: [6, 9, 10]
Команда: [6, 9, 11]
Команда: [6, 9, 12]
Команда: [6, 9, 13]
Команда: [6, 9, 14]
Команда: [6, 9, 15]
Команда: [6, 10, 11]
Команда: [6, 10, 12]
Команда: [6, 10, 13]
Команда: [6, 10, 14]
Команда: [6, 10, 15]
Команда: [6, 11, 12]
Команда: [6, 11, 13]
Команда: [6, 11, 14]
Команда: [6, 11, 15]
Команда: [6, 12, 13]
Команда: [6, 12, 14]
Команда: [6, 12, 15]
Команда: [6, 13, 14]
Команда: [6, 13, 15]
Команда: [6, 14, 15]
Команда: [7, 8, 9]
Команда: [7, 8, 10]
Команда: [7, 8, 11]
Команда: [7, 8, 12]
Команда: [7, 8, 13]
Команда: [7, 8, 14]
Команда: [7, 8, 15]
Команда: [7, 9, 10]
Команда: [7, 9, 11]
Команда: [7, 9, 12]
Команда: [7, 9, 13]
Команда: [7, 9, 14]
Команда: [7, 9, 15]
Команда: [7, 10, 11]
Команда: [7, 10, 12]
Команда: [7, 10, 13]
Команда: [7, 10, 14]
Команда: [7, 10, 15]
Команда: [7, 11, 12]
Команда: [7, 11, 13]
Команда: [7, 11, 14]
Команда: [7, 11, 15]
Команда: [7, 12, 13]
Команда: [7, 12, 14]
Команда: [7, 12, 15]
Команда: [7, 13, 14]
Команда: [7, 13, 15]
Команда: [7, 14, 15]
Команда: [8, 9, 10]
Команда: [8, 9, 11]
Команда: [8, 9, 12]
Команда: [8, 9, 13]
Команда: [8, 9, 14]
Команда: [8, 9, 15]
Команда: [8, 10, 11]
Команда: [8, 10, 12]
Команда: [8, 10, 13]
Команда: [8, 10, 14]
Команда: [8, 10, 15]
Команда: [8, 11, 12]
Команда: [8, 11, 13]
Команда: [8, 11, 14]
Команда: [8, 11, 15]
Команда: [8, 12, 13]
Команда: [8, 12, 14]
Команда: [8, 12, 15]
Команда: [8, 13, 14]
Команда: [8, 13, 15]
Команда: [8, 14, 15]
Команда: [9, 10, 11]
Команда: [9, 10, 12]
Команда: [9, 10, 13]
Команда: [9, 10, 14]
Команда: [9, 10, 15]
Команда: [9, 11, 12]
Команда: [9, 11, 13]
Команда: [9, 11, 14]
Команда: [9, 11, 15]
Команда: [9, 12, 13]
Команда: [9, 12, 14]
Команда: [9, 12, 15]
Команда: [9, 13, 14]
Команда: [9, 13, 15]
Команда: [9, 14, 15]
Команда: [10, 11, 12]
Команда: [10, 11, 13]
Команда: [10, 11, 14]
Команда: [10, 11, 15]
Команда: [10, 12, 13]
Команда: [10, 12, 14]
Команда: [10, 12, 15]
Команда: [10, 13, 14]
Команда: [10, 13, 15]
Команда: [10, 14, 15]
Команда: [11, 12, 13]
Команда: [11, 12, 14]
Команда: [11, 12, 15]
Команда: [11, 13, 14]
Команда: [11, 13, 15]
Команда: [11, 14, 15]
Команда: [12, 13, 14]
Команда: [12, 13, 15]
Команда: [12, 14, 15]
Команда: [13, 14, 15]
